a
430
150
430
210
a
430
290
430
350
a
560
430
560
550
a
640
550
560
550
a
850
550
890
550
a
720
550
770
550
a
850
110
890
110
a
720
110
770
110
a
600
110
640
110
a
470
110
520
110
a
850
390
890
390
a
720
390
770
390
a
600
390
640
390
a
470
390
520
390
a
850
250
890
250
a
720
250
770
250
a
600
250
640
250
a
470
250
520
250
b
320
250
390
250
b
180
250
240
250
c
890
510
0
c
890
350
0
c
890
70
0
d
890
210
0
e
640
510
e
640
350
e
640
210
e
640
70
f
240
210
f
390
350
f
520
210
f
390
70
g
770
510
g
770
350
g
770
210
g
770
70
h
520
350
h
390
210
h
520
70
